----弦轴孔坐标数据集----
-->>图纸坐标集合<<--
70.0, 98.0,
68.91, 120.08,
67.73, 142.3,
80.73, 153.33,
81.9, 131.03,
83.1, 108.74,
96.17, 97.16,
94.77, 119.62,
93.8, 142.02,
106.72, 152.95,
108.06, 130.44,
109.23, 107.87,
122.46, 95.92,
121.19, 118.76,
119.91, 141.45,
133.06, 152.34,
134.18, 129.46,
135.4, 106.82,
148.6, 94.74,
147.43, 117.77,
145.93, 140.68,
159.17, 151.88,
160.29, 128.69,
161.6, 105.77,
174.86, 93.57,
173.51, 116.56,
172.38, 139.68,
185.3, 150.72,
186.53, 127.64,
187.83, 104.47,
200.89, 92.07,
199.66, 115.47,
198.26, 138.69,
211.82, 149.77,
212.53, 126.33,
213.91, 103.1,
227.08, 90.47,
225.77, 114.17,
224.45, 137.63,
237.67, 148.83,
238.8, 125.25,
240.17, 101.59,
253.35, 89.04,
251.99, 112.61,
250.86, 136.42,
263.77, 148.07,
264.98, 123.96,
266.39, 100.19,
279.52, 87.57,
278.12, 111.53,
277.01, 135.33,
289.92, 146.76,
291.22, 122.86,
292.42, 98.85,
305.66, 86.01,
304.46, 110.01,
303.14, 134.33,
316.24, 145.53,
317.42, 121.31,
318.66, 97.31,
331.92, 84.12,
330.57, 108.35,
329.44, 132.65,
342.36, 144.03,
343.6, 119.66,
344.89, 95.55,
358.0, 82.38,
356.75, 106.66,
355.54, 130.92,
368.6, 142.32,
369.8, 117.96,
371.01, 93.46,
384.33, 80.24,
382.95, 104.59,
381.77, 129.05,
394.72, 140.32,
396.11, 115.74,
397.19, 91.52,
410.4, 77.93,
409.13, 102.73,
407.85, 127.15,
420.84, 138.08,
422.17, 113.74,
423.3, 89.15,
436.46, 75.59,
435.26, 100.2,
434.14, 124.66,
447.09, 135.65,
448.28, 111.33,
449.47, 86.8,
462.63, 73.17,
461.56, 97.55,
460.21, 122.08,
473.11, 132.73,
474.51, 108.42,
475.31, 84.01,
511.22, 67.92,
511.2, 92.14,
511.23, 116.41,
523.72, 127.03,
523.43, 102.86,
523.07, 78.67,
533.92, 65.45,
534.5, 89.5,
534.9, 113.69,
547.78, 124.02,
546.86, 99.86,
545.94, 75.82,
556.6, 62.43,
557.63, 86.33,
558.98, 110.31,
571.93, 120.41,
570.46, 96.6,
568.94, 72.84,
579.02, 59.3,
580.61, 83.01,
582.45, 106.74,
595.77, 116.38,
593.43, 92.74,
591.6, 69.3,
601.05, 56.0,
603.35, 79.26,
605.77, 102.47,
619.16, 111.86,
616.49, 88.7,
613.81, 65.79,
622.91, 52.75,
625.97, 75.18,
628.86, 97.699,
642.36, 106.339,
639.23, 84.11,
635.78, 61.86,
644.429, 49.111,
647.899, 70.731,
651.23, 92.87,
665.07, 100.76,
661.16, 79.27,
657.6, 57.88,
666.01, 45.22,
670.03, 66.21,
673.76, 87.23,
687.33, 94.47,
683.2, 73.9,
679.31, 53.64,
687.25, 41.47,
691.43, 61.33,
695.7, 81.37,
708.83, 86.97,
704.4, 67.45,
700.07, 48.06,
707.81, 36.59,
712.4, 55.29,
716.84, 74.13,
730.22, 79.94,
725.62, 61.58,
720.98, 43.52,
728.45, 32.38,
733.23, 50.09,
737.92, 67.49,
750.77, 72.54,
746.17, 55.5,
741.55, 38.43,
748.67, 28.0,
753.54, 44.37,
758.3, 60.73,
771.15, 64.91,
766.41, 49.09,
761.74, 33.73,
774.52, 38.28,
778.13, 53.46,
790.88, 57.41,
786.66, 41.3,
793.49, 30.94,
798.08, 46.85,
1015.05, 47.64,
1029.76, 47.68,
1026.89, 28.64,
1041.55, 28.3,
1044.46, 47.41,
1058.67, 47.27,
1056.08, 28.35,
1070.7, 28.47,
1073.47, 47.24,
1088.0, 47.24,
1085.47, 28.2,
1099.88, 28.27,
1102.72, 47.14,
1117.16, 47.21,
1114.45, 28.17,
1129.17, 28.24,
1132.0, 47.22,
1146.55, 47.14,
1143.64, 28.24,
1158.3, 28.2,
1161.13, 47.12,
1175.63, 47.08,
1172.88, 28.21,
1187.4, 28.02,
1190.22, 47.24,
1204.82, 46.95,
1202.07, 28.33,
1216.87, 28.11,
1219.46, 47.16,
1233.83, 47.07,
1231.4, 28.18,
1245.93, 28.12,
1249.93, 46.91,
1276.0, 47.03,
1270.48, 28.08,
1295.63, 28.12,
1302.3, 46.95,
1328.5, 46.74,
1320.78, 27.84,
1345.94, 27.91,
1354.49, 46.73,
1380.36, 46.79,
1371.02, 27.61,
1396.15, 27.79,
1406.71, 46.72,
-->>实际坐标集合<<--
58.47998238002792, 25.143086643026425,
54.32764811590137, 46.85650692079383,
50.06670549145366, 68.69603914909865,
61.40511108150456, 81.42794625979903,
65.66728487334166, 59.50780085498528,
69.95777497623139, 37.60173332388774,
84.51220314380127, 27.953421517408415,
80.0, 50.0,
75.92196251181521, 72.04700683187991,
87.19506396646278, 84.6687532876293,
91.65480968118757, 62.564311015543055,
95.95456021028389, 40.37679323216909,
110.71892531620763, 30.38434993640899,
106.28257124297795, 52.82532278824718,
101.85719045420485, 75.11636369876452,
113.3636204887014, 87.73050924498509,
117.65700127565826, 65.22904970525323,
122.01600732525885, 42.97917181211535,
136.76875689224516, 32.85381847439004,
132.40498673670723, 55.49685956938514,
127.73112889059976, 77.97514137281442,
139.2835393899854, 90.90879559943127,
143.6200638382399, 68.10035295838952,
148.10716248229605, 45.585725585090415,
162.9360289055221, 35.34989046517373,
158.39957742164904, 57.92826967924634,
154.06289240977435, 80.66600182446658,
165.32068482331636, 93.39667776777756,
169.75082971802678, 70.71247365540299,
174.26281895663556, 47.948887533908895,
188.92146638630524, 37.48716418005187,
184.44678609928758, 60.48825407442374,
179.82881139875667, 83.2874362892589,
191.71480845225483, 96.14679373993401,
195.68011626756527, 73.03372311031325,
200.27967733773096, 50.22185475277144,
215.0792640681831, 39.54767878420948,
210.48361040537807, 62.83471525112701,
205.91145560611608, 85.88269565053696,
217.44406074412686, 98.81356641513463,
221.84476538244323, 75.62031095829326,
226.4942682053343, 52.381235600183,
241.292623768397, 41.787672808129955,
236.66554920527977, 64.93901577106308,
232.23283475374265, 88.36003288371498,
243.39582889501153, 101.69338061794872,
247.94951672233606, 77.98641693275115,
252.65393930908238, 54.643979011117715,
267.41252358577526, 43.97413879920475,
262.69156079053386, 67.50611938490869,
258.28004343138116, 90.9200172788924,
269.4736556548613, 104.03550603800298,
274.08724125717094, 80.54902422632755,
278.617109093712, 56.93969561699451,
293.5152409401776, 46.06730547106403,
288.9867648346461, 69.66673139970963,
284.2949211685584, 93.56634233823735,
295.7086941383203, 106.48051233071979,
300.24798296468816, 82.66044396493183,
304.8160697929693, 59.06658496032462,
319.78271758614574, 47.85038445235377,
315.0736914570822, 71.65669607166592,
310.5727821860747, 95.56294453800122,
321.78325574529026, 108.63031162468434,
326.40283662092656, 84.67005343464274,
331.03574589375035, 60.97422359752197,
345.8510700145964, 49.75695248578194,
341.23411203735907, 73.62669481862719,
336.6595482448906, 97.482198714136,
348.00587587171077, 110.58885539632836,
352.58445429358784, 86.63293296293578,
357.19241963028674, 62.53976473092898,
372.22265870061653, 51.3022065669535,
367.4672237573755, 75.22317516148586,
362.89453338677725, 99.2809078637718,
374.1500240291607, 112.24352065592213,
378.9473714663099, 88.09618213658882,
383.3876334858036, 64.26219646070486,
398.36043711592697, 52.64293007018939,
393.6513037648156, 77.02482833676105,
388.9851535113816, 101.02903300620132,
400.32757373084104, 113.66052157901794,
405.03210353963533, 89.74249701012499,
409.57337300992134, 65.54907080385465,
424.4924880435789, 53.952553800353414,
419.8791163464618, 78.15604325093139,
415.365842059988, 102.22212633927492,
426.66030117064025, 114.90746407217763,
431.2234099877915, 90.98976063052511,
435.81574515614443, 66.86410089443687,
450.7446023068691, 55.19826512612372,
446.2919752719093, 79.19208542401594,
441.5411972125577, 103.29547746395056,
452.8334617740993, 115.63716539843314,
457.6031351546767, 91.75859098866965,
461.79256500410514, 67.69748591145598,
499.5923865470624, 56.76177874088006,
496.20180868043474, 80.74328790378169,
492.85378556219626, 104.78126912516841,
503.7442154085826, 117.03618804619511,
506.82085151885224, 93.06104862543292,
509.83095232632934, 69.05636172622873,
522.4152292668673, 57.47504600288187,
519.6424716686479, 81.37171345467348,
516.6719815839206, 105.38196727791608,
527.9889761763945, 117.40398596838214,
530.4403516723474, 93.35107017470256,
532.8750263961853, 69.41698654927194,
545.2948118308257, 57.64088236505661,
542.9885508286839, 81.451637501969,
540.9880417604627, 105.38614947668796,
552.4063649309692, 117.19014862841065,
554.2643824037784, 93.40728145326258,
556.0659278181024, 69.66696902650358,
567.9322337380165, 57.66160423342015,
566.2069657435526, 81.36214537380931,
564.7264813042548, 105.11728515081329,
576.5752232866373, 116.51725503827008,
577.548048112478, 92.78165283697281,
578.9980750331849, 69.31508253091349,
590.2071105255616, 57.45970302072321,
589.2475607553362, 80.81343643186031,
588.4138018084076, 104.1343572116755,
600.3666558308422, 115.29650219901411,
600.9458891055374, 91.99030154739599,
601.4804264243049, 68.93027618195363,
612.3066830863726, 57.28365578430015,
612.2152507221875, 79.92123825511139,
611.9430863803309, 102.62329515687739,
624.1092497160472, 113.05804813376544,
624.1033895221274, 90.60976742770407,
623.7835661813303, 68.0961556998919,
634.1227125720161, 56.67493624170922,
634.5500203277927, 78.56746254823341,
634.767449982616, 100.954592921401,
647.3746842874244, 110.69396370105932,
646.4935660782767, 88.86893607904909,
645.9451243830925, 67.19164584924908,
656.0352102993636, 55.82529787805494,
657.0948445465528, 77.17050050679995,
657.8631258607783, 98.50505097832882,
670.2934503026506, 107.56317077604588,
669.0664338654965, 86.61857169506672,
668.0339381035426, 66.01435725962784,
677.5904032080348, 55.06782928466585,
678.9657459503076, 75.31629669188649,
680.4051616605944, 95.75553793056707,
692.6280120377949, 103.12838193112552,
690.9577834240102, 83.18181239203696,
689.368489113975, 63.377895011980854,
698.6294794340465, 53.09672006494591,
700.5722728816172, 72.25353748381998,
702.3470418847421, 91.52811646717387,
714.7882329279263, 99.14371003740806,
712.7882179453418, 80.32219203089653,
710.7068403097197, 61.79218752096908,
719.6545311279145, 51.80022429935967,
721.9232568784964, 70.00311921936199,
724.1460021641891, 87.886505458968,
736.16812268767, 94.67573355344979,
733.9843992118183, 77.16136939767713,
731.7850455676206, 59.61451373782303,
740.287329660074, 50.27693025968411,
742.8316714921293, 67.16539154665914,
745.2684755676324, 84.02864111184113,
757.4116766889485, 89.95633598651773,
754.9195245003018, 73.63061464047539,
752.4326714500253, 57.770158723121355,
764.4550597591742, 64.05451066616514,
765.9172798147575, 79.58919484412803,
777.9934639424202, 85.27521075289806,
776.0566113487974, 68.73468167941988,
784.2619755842487, 59.42605676681447,
786.5930619834979, 75.82002627389954,
1001.3415781085979, 106.79872576351077,
1015.902854475748, 108.88557280138302,
1015.7106409607395, 89.63144197278815,
1030.2752897028172, 91.33502848949055,
1030.4973718235083, 110.66404500693574,
1044.5885653144605, 112.50305724195447,
1044.656926086584, 93.40672704987738,
1059.1179444794707, 95.56026995416254,
1059.2487079248644, 114.53311109410119,
1073.6373029636793, 116.55529625105093,
1073.781780592043, 97.34848427678246,
1088.041801345542, 99.42328742642894,
1088.2279662456515, 118.50489749030893,
1102.5176950412124, 120.5838758329842,
1102.4839244172026, 101.35201270054293,
1117.0509282720113, 103.46995951148699,
1117.2118814503278, 122.65910733191897,
1131.6314156985945, 124.6048545053886,
1131.3801072267017, 105.48379428237914,
1145.9030040384916, 107.48446121970402,
1146.0723076028657, 126.61419295601154,
1160.436761523657, 128.59259219718285,
1160.3397207497342, 109.52350771238923,
1174.7448559970442, 111.35615020526848,
1174.8625049504428, 130.7815706311888,
1189.360778953348, 132.5263201652707,
1189.2289449041853, 113.70480269766249,
1203.9155304037715, 115.5467056167483,
1203.8290771285233, 134.7717706577618,
1218.0717548554258, 136.68256399237117,
1218.2943833255197, 117.63820953851001,
1232.6913287503921, 119.60097861133526,
1234.037338458319, 138.76480802682963,
1259.8369262382964, 142.51188293710752,
1257.0079767620362, 122.9780675171552,
1281.9076517668482, 126.5178817290505,
1285.8921102942763, 146.0929140468579,
1311.8663600465072, 149.53129299757592,
1306.8518621639676, 129.74081015894848,
1331.7572646564383, 133.31172414391563,
1337.6048188841103, 153.13849921084056,
1363.214703436397, 156.7983234168019,
1356.634939750765, 136.50510509537162,
1381.4953251600678, 140.18077337487153,
1389.3180091648046, 160.39621586228776,
-->>测量坐标集合<<--
58.02692388089052, 25.27990800533203,
54.26904182141977, 47.30624163685681,
50.02103152235413, 68.73045883444878,
61.803728642816054, 81.56786397520673,
65.6424929464742, 59.489357453707136,
69.83377325194324, 37.68818576211417,
84.55213884884928, 27.901633407254984,
79.51236132544288, 50.09424658480362,
75.80417399613873, 71.76648924460612,
87.25241009296926, 85.06247689086652,
91.54256166458553, 62.562041522778685,
96.16971140293225, 40.50749957413945,
110.78518794695404, 30.529957795976152,
106.04878941152417, 52.57603984191633,
101.92095578855006, 75.2941430328198,
113.4677481051124, 87.59690300898657,
117.73916172147102, 65.21832530649992,
121.88001272699584, 42.876919179141844,
136.44645318888638, 33.207700287286166,
132.41032449401433, 55.495786740941924,
127.66860808343225, 78.03160175586504,
138.95075976328027, 90.67061603583487,
143.50359399611685, 68.02535545411824,
148.02129759624071, 45.160444640645466,
162.89831661310103, 35.34840281549844,
158.14257707240387, 57.64347221306465,
154.05675560703887, 80.74011476892507,
165.34334041026207, 93.64190779026627,
170.07617589931186, 70.3553991239306,
174.25706014552122, 47.91614198226194,
188.96635295429442, 37.44061859291263,
184.37816168303235, 60.5828524787786,
179.8323991847292, 83.35137253526797,
191.3167710013131, 96.04850833595069,
195.46963920197632, 73.02420236977179,
200.34159044914745, 50.24844538154204,
215.44495079635942, 39.68836944777517,
210.2565744111454, 63.03231532212653,
205.6051819200132, 85.80177312772163,
217.16575798071366, 99.0895778520522,
222.0598721926288, 75.49420566319641,
226.52788076326482, 52.34266291411794,
241.06372982977595, 41.42461771664077,
236.27762742027022, 65.11666459442424,
232.40989141047476, 88.34159793555834,
243.53274166346733, 101.44663077737546,
247.76291917247337, 77.64731353112839,
252.6351560593312, 54.816299687447035,
267.3332024748235, 44.054030100636204,
262.36697529969257, 67.44654658943992,
258.27069997257547, 90.55608991081623,
269.14185605894494, 103.79006597039228,
274.11993236334894, 80.19516749203335,
278.9648897010893, 56.91985780051733,
293.5190090773616, 46.068951613095926,
288.9255872624311, 69.69242884995374,
284.43154882622366, 93.29287601631498,
295.8400261854171, 106.55380995225104,
300.62656532674055, 82.62901043614359,
304.63296252322795, 59.12564664408728,
319.77744246449, 48.33605247432349,
315.201254031593, 71.18775868167275,
310.6079554901001, 95.68529090314442,
321.67700874870746, 108.6955336232604,
326.37486550682553, 84.67451068980452,
330.9947695766142, 60.90980434180159,
345.63523626690267, 49.66427698516515,
341.515451024308, 73.8969177058107,
336.52894672678985, 97.88010092059142,
347.71449363563414, 110.79005746870178,
352.49905248412665, 86.66512409431918,
357.0581345477175, 62.44552336714459,
372.5751370735308, 51.50223043592329,
367.7107794982797, 75.63706969699983,
362.9099070583968, 99.26911002131276,
374.00191436655155, 112.23211824430334,
378.98770108305865, 88.2092742351801,
383.7063096582064, 64.15632307112597,
398.510219978571, 52.624146155166606,
393.94660335373106, 77.26846568203939,
389.03981027440386, 100.97482987104435,
400.53335682076585, 113.8927295100513,
405.1402824666214, 89.69114996087737,
409.67578289439524, 65.61425202108323,
424.4241175338425, 53.623347488735334,
420.03515260741216, 78.45135083048727,
415.4985324880188, 102.33927996736595,
426.67121580781884, 114.94485255288276,
431.0306272482617, 91.15318466467525,
435.91881257879845, 66.66185427100325,
451.189903999461, 55.0920572694328,
446.15110043343384, 79.14909509141094,
441.32775845876125, 103.57125497045746,
452.77736358188093, 115.61253169670653,
457.59945018859963, 92.01009697500913,
461.87149673748644, 67.27103645250807,
499.3795782069127, 56.334948546294584,
496.5606473333471, 80.75438054254066,
492.600961510383, 104.81779502366335,
503.8110443750691, 116.68681102522754,
506.85555901773716, 93.11617132781515,
509.7611045610686, 69.0804989197803,
522.5741134969749, 57.85765163982268,
519.2065550915729, 81.49143115956969,
516.3407170476625, 105.51816398429911,
528.3966079486431, 117.27421169723362,
530.3655090328647, 93.35391978251837,
532.7526491834486, 68.97938779429778,
545.2980495509497, 57.442431483130505,
542.6885299180268, 81.45050630034403,
541.1550835606955, 105.64636257207583,
552.4325648294176, 116.78124804984094,
554.2533550068363, 93.40581364175024,
556.3485094430285, 70.0693123040748,
568.2966206506861, 57.540228296749895,
565.8259103438221, 81.59842724514597,
565.0016298134702, 105.04563053772726,
576.5315429269194, 116.82608622436497,
577.7737240286981, 93.2069147329837,
579.2780219160043, 68.95414220783732,
589.9837024850899, 57.86353029927059,
589.2573104313162, 80.87154065868114,
588.0736227889339, 103.92862202835371,
600.3951722067596, 115.32557108766815,
600.7257979052217, 91.8078077476047,
601.5469018466457, 68.99443851352909,
612.3699272685279, 57.3231058028408,
611.995632858565, 80.10731449472847,
611.7583933712144, 102.43498328173021,
623.7918776558616, 113.01665687061083,
624.4163566499295, 90.29642398870864,
623.3330496269556, 67.98136911269457,
634.1590424941668, 56.66772290974414,
634.5804103186808, 78.60128144179504,
634.9453751944191, 100.94206745131481,
647.7048383722422, 110.45228659157593,
646.5088172813968, 88.94925513964775,
646.1896490174429, 67.14352877016684,
655.9407015881992, 55.86407066320509,
657.558502658177, 76.98668547390297,
657.75731409405, 98.75665708684593,
670.2924656839607, 107.56329574062727,
669.0415957319236, 86.69155241476537,
667.9452149680554, 66.20693592107787,
678.0378144553166, 55.24777609205287,
678.697474351887, 75.13346700971093,
680.026635945834, 95.73246823279602,
692.4797995053261, 102.74597298943596,
691.2267527584652, 83.60215322475116,
689.3652241424942, 62.91436897732101,
698.6677934827387, 53.23942948659418,
700.6714269217923, 72.28185119235569,
702.3821373250917, 91.7162266681199,
714.7762160841509, 99.26155449087501,
712.9060338661606, 80.24281974822487,
710.6253179561994, 61.77147531766291,
719.3444073556603, 51.477696279992145,
721.8618201052591, 69.65308047281495,
724.2005751138678, 87.7369571281044,
736.5193581030139, 94.94274553179666,
733.9757929829518, 77.22467291628183,
731.788556754997, 59.61857719242842,
740.3774803260264, 50.285948950887885,
742.8302174162809, 67.24741665221339,
744.9091823103163, 84.12354802295845,
757.4144504061304, 89.95876456679251,
754.7099832955209, 73.55954796207602,
752.4569847577735, 57.75135627496048,
764.4405817183526, 64.04899511322083,
765.839686344685, 79.81707024782294,
777.9934455930022, 85.27525234932492,
776.3780736047329, 68.94098468949753,
784.4767549481927, 59.79706074399628,
786.6054882926625, 75.69896528950439,
1001.2089773770347, 106.82184646726071,
1016.3229388946013, 108.92483978234947,
1015.820636607803, 89.50471526195226,
1030.3589902314498, 91.46849777456173,
1030.8917392718006, 110.37416108348701,
1044.549158593737, 112.47082642235617,
1044.8766591468475, 93.07278224956062,
1059.1280286126237, 95.52755345621051,
1058.9968073825985, 114.23451283304009,
1073.4944957491437, 116.32912327462319,
1074.2319560386989, 97.27333838144696,
1088.272734611933, 99.39395133089809,
1088.1630443295592, 118.49452510760074,
1102.4907638114403, 120.67878203422946,
1102.8825882250144, 101.65055914376023,
1117.1360343060649, 103.85795741582447,
1117.1496879444765, 122.69575179960418,
1131.9826171963612, 124.94096727644822,
1131.0689566595413, 105.15635206830117,
1146.0324251313232, 107.72453404931676,
1146.004187277755, 126.43342395622486,
1160.1780810889986, 128.5437646685321,
1160.3328215945912, 109.51008737622942,
1174.584621215804, 111.3753682313431,
1175.263346706846, 130.73051984751496,
1189.644912561992, 132.136363676188,
1189.125789237995, 113.80340721955444,
1203.98415688146, 115.08428080348591,
1203.8487480119118, 134.9084467948707,
1217.689392290627, 136.969608770372,
1218.3298888815038, 117.67957722060194,
1232.6617881245631, 119.5952585836036,
1233.8778085921356, 138.63664345012918,
1259.7053602196713, 142.3981151631306,
1257.200516631605, 122.58947669138126,
1281.8664063275, 126.46809878583892,
1286.155792886139, 145.87970465143118,
1311.9616176122904, 149.27778390349542,
1306.821282819231, 129.84026608727262,
1331.764120083249, 133.15053257271552,
1337.6673326916787, 153.62166174322456,
1363.2248499641064, 156.87141050594977,
1356.6386694138105, 136.40148226245265,
1381.705852695668, 139.8264972468171,
1389.2655069502637, 160.39135098071543,
-->>旋转坐标集合<<--
58.026923880890536, 25.279908005332018,
53.87634254815964, 47.00012752234479,
49.61713877068803, 68.84650994140486,
60.96052778752073, 81.58053551068942,
65.2209521506685, 59.65351659647195,
69.50970286683457, 37.74057575790497,
84.06700217425191, 28.087518682121342,
79.55649380298917, 50.14104090182065,
75.48027583531837, 72.19493269860953,
86.7583270183203, 84.81877483404244,
91.21635504572635, 62.70737932263071,
95.51433066849381, 40.512906144709525,
110.28158052499214, 30.515590268810143,
105.84699650790014, 52.96360983650192,
101.42336858823717, 75.26165291474271,
112.93481433063391, 87.87786030633991,
117.22637579524167, 65.36935607386636,
121.5836154971148, 43.11249683861815,
136.33922844931476, 32.98223432542221,
131.97727660645467, 55.63237032298684,
127.30512566778782, 78.11774177492588,
138.86260842222623, 91.05354337064868,
143.19728429602674, 68.23796202058934,
147.68261746614735, 45.71625989470676,
162.51435414789012, 35.475473544224606,
157.97966261213412, 58.06095251482748,
153.64481653661642, 80.80580308319996,
164.90756905829164, 93.53860806680846,
169.33590911894134, 70.84728822625121,
173.84610626042445, 48.07655247621258,
188.50754442062328, 37.60983610845389,
184.03469916338747, 60.61813878006745,
179.4184909502327, 83.42449522352544,
191.30964598444734, 96.28593345418832,
195.27295729079003, 73.16568698424021,
199.870744864397, 50.34664325252507,
214.67313398281777, 39.66739413627117,
210.07931939601838, 62.961741912853455,
205.50897799318818, 86.01696177875021,
217.04664932068562, 98.94998179968643,
221.44547161629606, 75.7494684116705,
226.09315733434516, 52.50308821333016,
240.89432586709, 41.90447559223365,
236.2690629490512, 65.06309515673274,
231.8382525433945, 88.49143995457032,
243.00626132060688, 101.82710267248659,
247.55804105582723, 78.11271276968026,
252.26064828908488, 54.762932872737565,
267.0220237662303, 44.08802632038089,
262.3028972859701, 67.62740556065658,
257.89328909464774, 91.04862621981033,
269.09189519451314, 104.16636324137536,
273.7036198157084, 80.67251040798959,
278.23158596352505, 57.055786852495004,
293.1325216114991, 46.17825326511363,
288.6059462510757, 69.7850711071377,
283.9159971324201, 93.69218233149826,
295.3347998982715, 106.60851290371463,
299.87216115440685, 82.78098779055273,
304.4383593687122, 59.179733098101934,
319.4077840023933, 47.95828111403936,
314.7006348298661, 71.77206855498537,
310.2016758419368, 95.68579331287793,
321.4171415922393, 108.75539255448378,
326.03479894009746, 84.78762646362412,
330.66582438308177, 61.084362859964315,
345.4838817399187, 49.861860491943,
340.8688357651299, 73.73908437417474,
336.29619421900986, 97.60205997903873,
347.64755838311294, 110.71094167109203,
352.2242020896956, 86.74751814412963,
356.8302225332553, 62.64680541597342,
371.86325380993947, 51.40398101585922,
367.10969804828085, 75.33246465627141,
362.53895789470596, 99.39772689272553,
373.79943944674653, 112.36253564833571,
378.5948890319219, 88.20761138549514,
383.0331931533521, 64.36617839840007,
398.00872071541335, 52.74154393855055,
393.30154236923113, 77.13108334646212,
388.63730823052447, 101.14281485510105,
399.9846994078198, 113.77639250228718,
404.68733581473253, 89.85086063837892,
409.226627637068, 65.6498701898416,
424.1484542695968, 54.047998933437,
419.53704087818113, 78.25906529716212,
415.0257350054293, 102.33267225797616,
426.3251586044827, 115.02012103641209,
430.8863334480216, 91.09492957593841,
435.47671482682034, 66.96171813258404,
450.40827697110234, 55.29050688188588,
445.9576259648496, 79.29182207190243,
441.2087531705228, 103.4027809169637,
452.50593497359654, 115.74648150043573,
457.2737390126228, 91.86040228869226,
461.4611081173518, 67.79181869864459,
499.2703021057985, 56.847843253998676,
495.8820036122422, 80.83669970478542,
492.53627974907204, 104.8820386598913,
503.4314996620348, 117.13899981982578,
506.5057671010386, 93.15655752719871,
509.51347612053553, 69.14456829587745,
522.0997961700039, 57.558219409613805,
519.3294838703646, 81.46212597500096,
516.3613977047497, 105.4796783558955,
527.6832732774685, 117.50361453352458,
530.1320899804371, 93.44345834858906,
532.5642172346857, 69.50217072529964,
544.9859721139007, 57.7209997495643,
542.6822787313342, 81.5389060455931,
540.6844418806774, 105.48056324597214,
552.1076455577361, 117.28640352553272,
553.9629704610604, 93.49645400543254,
555.7618128600657, 69.74907911571833,
567.6298981688908, 57.73865676911293,
565.9073497011459, 81.44623860322784,
564.429662495377, 105.2084015491167,
576.2833537909371, 116.61003814258662,
577.2532382366406, 92.86748724826646,
578.7004983214739, 69.39398078041569,
589.9111447842175, 57.53367595132352,
588.954487405578, 80.89424658419107,
588.123652525551, 104.22197809842585,
600.0814535002377, 115.38570736688628,
600.6576916065353, 92.07273473517108,
601.1892543145293, 69.0060141528253,
612.017040333579, 57.35458031520025,
611.9286525323434, 79.99867657190768,
611.6594895943088, 102.7072902928162,
623.8305624716699, 113.14338971231493,
623.8216554520061, 90.68866278461154,
623.498686254812, 68.16862866203391,
633.839252683196, 56.74272657496205,
634.2696529131101, 78.64148232368423,
634.490181860071, 101.03501265675874,
647.1023580499282, 110.77547033734206,
646.2180261911985, 88.94429421843051,
645.6664864300036, 67.2608527929902,
655.7579282986419, 55.88987173710559,
656.820762375213, 77.24106084381813,
657.5921583989594, 98.58163425653603,
670.0272815056785, 107.64066930191669,
668.7970715104125, 86.69022149963902,
667.7614842292458, 66.08022971238674,
677.3192089824977, 55.12926160907117,
678.6976934500417, 75.38335769190927,
680.1402951657408, 95.82827370375641,
692.3676560122616, 103.20157709466757,
690.6942419365819, 83.24950558499384,
689.1018047594943, 63.440116224369916,
698.3640601258036, 53.154732316123614,
700.3100101832634, 72.31678791950867,
702.0879035151593, 91.59666170058108,
714.5337006631831, 99.21275475920588,
712.53055812088, 80.38610262642483,
710.4460691028952, 61.851058748185785,
719.3949742215215, 51.85501212484673,
721.6668207868594, 70.06282705512439,
723.8926303401555, 87.9510477812764,
735.9191245161346, 94.74059488429668,
733.7323980379134, 77.22149692962284,
731.5300324949313, 59.66990025975084,
740.0334917371641, 50.32848173405182,
742.5808552344413, 67.22144814582111,
745.0206466709361, 84.0892101827934,
757.1681393501337, 90.01696021387936,
754.6730568213408, 73.68688827910121,
752.1833380667488, 57.82221467571971,
764.2100316181001, 64.10674059346128,
765.6747789178978, 79.64568789068196,
777.7552025724367, 85.33169863801302,
775.8155499785164, 68.78668195704262,
784.0220080183512, 59.47427059123096,
786.3559877585467, 75.87263213634394,
1001.1703807241136, 106.83109757332579,
1015.7361220896594, 108.91656868277799,
1015.5412415205001, 89.65693425304627,
1030.1103042396392, 91.3590343136525,
1030.3350721509275, 110.6935718872511,
1044.4305620160276, 112.53120078456826,
1044.4963519753226, 93.42937696349551,
1058.9618156204874, 95.58157669417193,
1059.0951903145613, 114.55984898626676,
1073.4881919872112, 116.5806630687572,
1073.630105676049, 97.36831541039825,
1087.8945032752997, 99.44178003846247,
1088.083310089734, 118.5288449770156,
1102.3774248293962, 120.60648196725975,
1102.341035675765, 101.3691001358211,
1116.9125103926012, 103.48567917307814,
1117.0761128322386, 122.68031617241354,
1131.500052230976, 124.62466612192655,
1131.246077784428, 105.4981485312087,
1145.7734168817678, 107.49741999593022,
1145.9453640457652, 126.63262271444259,
1160.3142117275768, 128.60964158087106,
1160.214556334377, 109.53509372885779,
1174.6240772540295, 111.36630846801523,
1174.7443950827567, 130.79729180324955,
1189.2470695841062, 132.54057570684844,
1189.1126445060736, 113.71367069159788,
1203.8036977650802, 115.55411033735672,
1203.7198275696724, 134.7847084335461,
1217.9668549133337, 136.69411849650885,
1218.1869639259771, 117.64426441414076,
1232.588310322987, 119.60564421580816,
1233.9373061991469, 138.77479478422202,
1259.7448117680447, 142.5194460802471,
1256.9124000426602, 122.98040441252077,
1281.819706271418, 126.51785756059655,
1285.8079644946301, 146.09797121690826,
1311.7901403226242, 149.53381420451964,
1306.7715176967613, 129.738327877616,
1331.6845572768093, 133.3068889534966,
1337.5364804198712, 153.13856492628153,
1363.1542164437185, 156.79596619361718,
1356.569810282646, 136.49781233182182,
1381.4378340609562, 140.1711638936981,
1389.2655069502637, 160.39135098071546,
-->>二乘坐标集合<<--
58.15852213360071, 25.051074925556406,
54.13508102363462, 46.73975385988756,
50.00380422529782, 68.55438715753984,
61.41386598835119, 81.2740509899859,
65.54589946472545, 59.37889403871303,
69.70632399054873, 37.497804017419995,
84.19985990350459, 27.862575183752966,
79.8186119040667, 49.883984022464816,
75.87140845538711, 71.90589210561508,
87.21553675090038, 84.51550660768878,
91.54400192320911, 62.4362894702066,
95.71202884550328, 40.274062569637536,
110.41341785714808, 30.295118059312045,
106.11031702213852, 52.71049674125648,
101.81730449929378, 74.97611141235531,
113.39465023079515, 87.57817178223284,
117.55446272797, 65.10234992999283,
121.78136151778934, 42.87784175615924,
136.47035656706063, 32.76613256061118,
132.24100747764362, 55.3833675229442,
127.70068993487706, 77.83597477589554,
139.32588227821591, 90.75719736461228,
143.5270205836692, 67.9747396446618,
147.880418330114, 45.48579639305724,
162.64485874653812, 35.26374034301894,
158.24249717924775, 57.816356684680116,
154.0407824612423, 80.52818223061355,
165.37024676026968, 93.24660300832646,
169.6657095827121, 70.58826154872817,
174.042526547218, 47.850639490242415,
188.63546784184365, 37.402917512291054,
184.2973461205332, 60.37778631920342,
179.8147832362837, 83.15094760778611,
191.7730301604436, 95.99801057860695,
195.60126581677608, 72.91120138009173,
200.06534569825612, 50.12536497832129,
214.79793658991827, 39.46544895420095,
210.34055777748262, 62.7259276148835,
205.90526509251845, 85.74761894828843,
217.5106413424982, 98.66605790342105,
221.7736782276265, 75.49922429572366,
226.2851729577809, 52.2866624542079,
241.01700717140554, 41.70727008370815,
236.5274183032373, 64.83220042558393,
232.23372033454766, 88.22653806416325,
243.47195806092822, 101.54694728090145,
247.88491312074314, 77.86699978855192,
252.4507040341016, 54.55119893856532,
267.14232964845587, 43.89560712688019,
262.561118060574, 67.4007379061266,
258.288569275833, 90.78796769868656,
269.55613499518546, 103.89076436414636,
274.0302675727341, 80.43106429460046,
278.41998367997314, 56.84863978149447,
293.24992580077424, 45.990745403243935,
288.8615427841248, 69.56327843674636,
284.31160430845273, 93.43563701605775,
295.79808399827795, 106.33737416968528,
300.1959789145401, 82.54444495132027,
304.62399411790767, 58.977479184986194,
319.5204105027048, 47.77616665419508,
314.9527457023007, 71.55532646669813,
310.5937262947194, 95.43434660585213,
321.8778655136995, 108.4890776900862,
326.35520506888327, 84.55612717842025,
330.84742450213446, 60.88731422040742,
345.5925540055591, 49.68490739694211,
341.11730421900245, 73.52744277538388,
336.6843528003432, 97.35576246178688,
348.10453849165765, 110.44976194031732,
352.54091276953363, 86.52113564108662,
357.00585836234393, 62.455420444198054,
371.9657222989872, 51.2327843753488,
367.35233627146897, 75.12646649271836,
362.9224471810558, 99.15679122156892,
374.25097453656053, 112.10689148054006,
378.90492969431966, 87.98709714908061,
383.2037441437863, 64.1802497627947,
398.1039439187707, 52.57631896390062,
393.53955732819435, 76.93042764814355,
389.01592013334425, 100.90726829065893,
400.42940475561426, 113.52662551027724,
404.99191745914516, 89.63587578855082,
409.3895964938257, 65.47000274089349,
424.2362567636435, 53.88878729684966,
419.7665552210269, 78.06470058616945,
415.396114410691, 102.10337621577254,
426.76196830270516, 114.77651504584388,
431.1831021715431, 90.88606284823534,
435.6322309427632, 66.78788957895192,
450.4882228467084, 55.137433777683114,
446.1779869944873, 79.10393665441812,
441.5703294763944, 103.1798408550281,
452.93196821505825, 115.50971029461788,
457.559837973577, 91.65837772924674,
461.60655583721916, 67.62462136031463,
499.33129422218263, 56.70724477857077,
496.08273272074797, 80.66162474481807,
492.87704599976297, 104.6724211930436,
503.83645409633414, 116.91555170534703,
506.77120069775464, 92.96748281656279,
509.6392571535976, 68.98988825102684,
522.1518335603927, 57.42347343453166,
519.5204173997546, 81.29320725504373,
516.6919931306298, 105.27636908774802,
528.0764746748025, 117.28692754643957,
530.385681244822, 93.26106567935732,
532.6788907277659, 69.35390156751784,
545.0258767876732, 57.592887078712394,
542.8603190864591, 81.37688046081495,
541.0011541542734, 105.28454381709288,
552.4856531087643, 117.07734096244705,
554.2032589407719, 93.3211309579247,
555.8646590864333, 69.60741926745969,
567.6569747977713, 57.61730721065963,
566.0715964318148, 81.29130422065144,
564.7312530516676, 105.01987960965259,
576.6436719004246, 116.40916591455014,
577.4766151312876, 92.7000230023766,
578.7882069310153, 69.25969233867092,
589.9243215273907, 57.419291334454826,
589.1024035522153, 80.74699075452456,
588.4060475901424, 104.04193457808152,
600.4211500303968, 115.19367661043457,
600.8631393725329, 91.91339476509323,
601.2618934032487, 68.87900809304885,
612.0165660105097, 57.24707197080231,
612.0583061019189, 79.85955665997501,
611.9197448935279, 102.53641463215386,
624.1438176414795, 112.96160567895264,
624.005926102462, 90.53819701226699,
623.5537765599372, 68.04947810106698,
633.8228033257926, 56.64261309796096,
634.3787536688229, 78.5109524277206,
634.7277947614059, 100.87331329549518,
647.388722890684, 110.60396514295768,
646.3794883160883, 88.80297510919245,
645.7037044693809, 67.149613459186,
655.7240644133473, 55.797518203220775,
656.9089420308992, 77.11924424152075,
657.8024870229754, 98.4302820316609,
670.2825487802314, 107.48040865150533,
668.9326928444401, 86.55881477184202,
667.7793042206796, 65.97726036289934,
677.2686645318157, 55.04443221828056,
678.7627101328682, 75.27069013005128,
680.3219325234231, 95.68752102581495,
692.5846670834779, 103.05420505182302,
690.7975952353895, 83.12946202677126,
689.0922736764314, 63.34722640448673,
698.2901567127026, 53.07896549627564,
700.3450707360131, 72.21487626250861,
702.2327007908757, 91.4683904913101,
714.715141615537, 99.07759100879524,
712.6049944654997, 80.27659873229139,
710.4152224110553, 61.7667835767261,
719.3015961975211, 51.787362442046245,
721.6767390761161, 69.97046124657605,
724.0040353428734, 87.83439783226656,
736.0626645783303, 94.61807960990016,
733.7765494704621, 77.12276264106673,
731.4746175410039, 59.594987599838404,
739.9195602618221, 50.26914792928848,
742.5625096995428, 67.13931481806956,
745.0978037143784, 83.98428024253407,
757.2724118311328, 89.90740329465761,
754.6849470178165, 73.59936140236972,
752.1055163641344, 57.756070289390365,
764.1614438023157, 64.03543536930114,
765.7146171385792, 79.55314726945495,
777.8208058720995, 85.23484812277563,
775.787219113219, 68.71232779517298,
783.9354968462029, 59.415365794877445,
786.3623431440193, 75.79155375171611,
1001.231917793576, 106.77122957834449,
1015.8013220968317, 108.85815799792108,
1015.4959171824506, 89.62532941340625,
1030.0664386947142, 91.32942252408698,
1030.402144161686, 110.63705873299516,
1044.5001417615777, 112.47634968010321,
1044.456165067148, 93.40118972100954,
1058.9257322255708, 95.5547236262859,
1059.1680501190765, 114.50656409358366,
1073.5644419444586, 116.52887389248842,
1073.5959106171822, 97.34336707890456,
1087.8640742482826, 99.41821543352923,
1088.1624175626484, 118.47871341440724,
1102.4603053337873, 120.55773721940817,
1102.313429166279, 101.34717770356671,
1116.8887422444452, 103.46517237874609,
1117.1625135156457, 122.63308481847123,
1131.5893861591042, 124.57904641413164,
1131.2256857897503, 105.47913127689834,
1145.7562145843249, 107.479968775686,
1146.0379843990634, 126.58853233778977,
1160.4099844467655, 128.56710076790404,
1160.2008135525155, 109.51912913815481,
1174.6126260524209, 111.35210900779977,
1174.844495102791, 130.75602514121834,
1189.348902882029, 132.50122474916435,
1189.1064047230382, 113.70054010950422,
1203.7996418017399, 115.54281641051698,
1203.826288318504, 134.74656560445692,
1218.0761492123202, 136.65758301825622,
1218.1867019929948, 117.6343665666467,
1232.591092361915, 119.59732748793012,
1234.0494338158255, 138.74014437986187,
1259.8637144223296, 142.48730851207972,
1256.920679322562, 122.9746717940934,
1281.8340843592648, 126.51465694461056,
1285.932541914256, 146.06865483844427,
1311.919619117052, 149.50749376204158,
1306.7901482948357, 129.73811474781365,
1331.7094621064493, 133.30916615393357,
1337.671965527785, 153.1149341250764,
1363.296083744236, 156.77491304383102,
1356.5988358964428, 136.5030982803849,
1381.473761571532, 140.1787805117678,
1389.4131183789707, 160.37310993375957,
-->>旋转误差数据<<--
1.0, 1.7763568394002505E-14,
2.0, 0.4979142198436502,
3.0, 0.420234713314053,
4.0, 0.8432960631843668,
5.0, 0.45237690776806,
6.0, 0.3282778185675069,
7.0, 0.5195295260632803,
8.0, 0.06432249745978275,
9.0, 0.5370975813212989,
10.0, 0.5509163068514588,
11.0, 0.3571187957156142,
12.0, 0.655403034840697,
13.0, 0.503812327451383,
14.0, 0.4369563784362109,
15.0, 0.49864679853367777,
16.0, 0.6024578084114991,
17.0, 0.5345649622171214,
18.0, 0.3786134592503109,
19.0, 0.24966386349537972,
20.0, 0.45407658803786555,
21.0, 0.3735499556505245,
22.0, 0.39294274732744144,
23.0, 0.37286349308550154,
24.0, 0.6508723585829095,
25.0, 0.40444300561369745,
26.0, 0.44814163355457814,
27.0, 0.4171435632642415,
28.0, 0.4478476348766359,
29.0, 0.8887911988211359,
30.0, 0.44115147313096614,
31.0, 0.4890192615178102,
32.0, 0.34527036574176556,
33.0, 0.42031768238086686,
34.0, 0.2375320033921616,
35.0, 0.24228427583970458,
36.0, 0.4809764927151627,
37.0, 0.7721017791446102,
38.0, 0.19078770003359416,
39.0, 0.23571455421346765,
40.0, 0.1835045795880448,
41.0, 0.6653173220024817,
42.0, 0.46337968910925714,
43.0, 0.5088823865513702,
44.0, 0.05424974490118967,
45.0, 0.5909514574128598,
46.0, 0.6495694069057693,
47.0, 0.5084992565630048,
48.0, 0.3782910082028098,
49.0, 0.3130302407734304,
50.0, 0.1918748532564002,
51.0, 0.6205086513947373,
52.0, 0.3795994258742913,
53.0, 0.6333817148738641,
54.0, 0.7457956011517213,
55.0, 0.4016458793547094,
56.0, 0.3327956789930716,
57.0, 0.6521035825150546,
58.0, 0.5081791161802688,
59.0, 0.7695601155775201,
60.0, 0.2019795342487775,
61.0, 0.5285438290724648,
62.0, 0.7694398047854739,
63.0, 0.40627995880581086,
64.0, 0.2666721407609818,
65.0, 0.35838589270927423,
66.0, 0.3723917515349355,
67.0, 0.24889241649592236,
68.0, 0.6655994696341316,
69.0, 0.3626023925146951,
70.0, 0.10363222211987745,
71.0, 0.2869346942477771,
72.0, 0.3040696458328792,
73.0, 0.7186311498428045,
74.0, 0.6738569138696096,
75.0, 0.3926137817944664,
76.0, 0.24084184110031487,
77.0, 0.3928155707037585,
78.0, 0.7050709804640921,
79.0, 0.5150570361534087,
80.0, 0.6595283010248243,
81.0, 0.4361500317501081,
82.0, 0.560855824750147,
83.0, 0.48027926247686814,
84.0, 0.4505653106158756,
85.0, 0.5062796507285235,
86.0, 0.5339372820132162,
87.0, 0.4728436542519605,
88.0, 0.354148178865356,
89.0, 0.15560962743820464,
90.0, 0.5341991742657802,
91.0, 0.8064261033371913,
92.0, 0.24042329536499063,
93.0, 0.20626624864318052,
94.0, 0.3026814155416506,
95.0, 0.3584637628376417,
96.0, 0.6630482391402786,
97.0, 0.5244065669550502,
98.0, 0.6836181278080412,
99.0, 0.09116454926163366,
100.0, 0.590363358578855,
101.0, 0.3521156487410122,
102.0, 0.25578258250769925,
103.0, 0.5609247606878995,
104.0, 0.12637356724339013,
105.0, 0.043690195366714146,
106.0, 0.7493143628665616,
107.0, 0.25000321767969935,
108.0, 0.5557054905806686,
109.0, 0.4183211753891775,
110.0, 0.08862049590904238,
111.0, 0.4989919914254705,
112.0, 0.6006284939390222,
113.0, 0.3042020051773266,
114.0, 0.6684027045017548,
115.0, 0.6956239834678185,
116.0, 0.17260866620827217,
117.0, 0.5946772360831696,
118.0, 0.3290510915644581,
119.0, 0.621382713885055,
120.0, 0.7259417829048314,
121.0, 0.33774030084589685,
122.0, 0.3036730873332733,
123.0, 0.29759159664572027,
124.0, 0.3194304288886974,
125.0, 0.27354117909697245,
126.0, 0.35783481196505906,
127.0, 0.35428778385084575,
128.0, 0.12762665229319256,
129.0, 0.28971203870876644,
130.0, 0.13250557777131836,
131.0, 0.7124049324807592,
132.0, 0.25000326259155836,
133.0, 0.3284677655369331,
134.0, 0.31334689406743543,
135.0, 0.464585603360633,
136.0, 0.6836887247154475,
137.0, 0.2908334039927408,
138.0, 0.5361567114451039,
139.0, 0.18458540242938165,
140.0, 0.7803637318117841,
141.0, 0.2406437091439008,
142.0, 0.27624140963623095,
143.0, 0.24452784348761514,
144.0, 0.22318478376545714,
145.0, 0.7283127818744669,
146.0, 0.24989077824832534,
147.0, 0.14865095538128437,
148.0, 0.4692027959641928,
149.0, 0.6386925185480448,
150.0, 0.5880475653546784,
151.0, 0.3153213643266344,
152.0, 0.3631014097920995,
153.0, 0.31759930158911104,
154.0, 0.2473765211537468,
155.0, 0.401885578839652,
156.0, 0.19612157919174888,
157.0, 0.38068918385127143,
158.0, 0.4537807795517748,
159.0, 0.37505305149048407,
160.0, 0.6333602790692396,
161.0, 0.24341566539872797,
162.0, 0.263569441100209,
163.0, 0.3466081172032159,
164.0, 0.25071071188933836,
165.0, 0.11663357559291856,
166.0, 0.2530926108088737,
167.0, 0.13258627694997083,
168.0, 0.28267193788373013,
169.0, 0.23767180988638872,
170.0, 0.2378368595251155,
171.0, 0.24483855977937183,
172.0, 0.583302805834842,
173.0, 0.5576632074312378,
174.0, 0.30399126667595733,
175.0, 0.03968985487678595,
176.0, 0.5868750920343805,
177.0, 0.31817013696866764,
178.0, 0.2717111918877137,
179.0, 0.6417955632616227,
180.0, 0.13307971993100298,
181.0, 0.5213380234738252,
182.0, 0.17477204866545923,
183.0, 0.3398864720725406,
184.0, 0.2516187700619446,
185.0, 0.6092983629144357,
186.0, 0.3812433989968115,
187.0, 0.08680669580835619,
188.0, 0.13443594956189917,
189.0, 0.6103264181965697,
190.0, 0.4342280851262281,
191.0, 0.07517682972557874,
192.0, 0.5769881854673206,
193.0, 0.3849632643996611,
194.0, 0.34447941387459563,
195.0, 0.20770247446093804,
196.0, 0.1512326629369765,
197.0, 0.12088006223241991,
198.0, 0.0404828144280442,
199.0, 0.5232296648868597,
200.0, 0.567156416505795,
201.0, 0.09069414769973959,
202.0, 0.5032944303107589,
203.0, 0.1786943269678912,
204.0, 0.39099923016864546,
205.0, 0.14722274692614748,
206.0, 0.0742081443021354,
207.0, 0.15041860374202423,
208.0, 0.12758376118214834,
209.0, 0.4856291300782228,
210.0, 0.06824097671815073,
211.0, 0.4106396029911495,
212.0, 0.3081492753744865,
213.0, 0.11343705744787554,
214.0, 0.17543533845702558,
215.0, 0.5005045969595813,
216.0, 0.10334862585310843,
217.0, 0.11841056629122909,
218.0, 0.4366109091914161,
219.0, 2.8421709430404007E-14,
-->>二乘误差数据<<--
1.0, 0.2639747687108971,
2.0, 0.5821115844911531,
3.0, 0.17691245058897045,
4.0, 0.4881792290038266,
5.0, 0.14673945198380542,
6.0, 0.22910373838680015,
7.0, 0.35443758287786437,
8.0, 0.3714831921213973,
9.0, 0.15476960350115906,
10.0, 0.5482117602121173,
11.0, 0.1257603000592575,
12.0, 0.5137763700731547,
13.0, 0.4397302600354005,
14.0, 0.14786583326812974,
15.0, 0.33449619038153655,
16.0, 0.07545964540998676,
17.0, 0.2180917379367008,
18.0, 0.09865552303981422,
19.0, 0.4422142339738211,
20.0, 0.20323959409499967,
21.0, 0.19824015860595892,
22.0, 0.3849847110009721,
23.0, 0.05577423393718472,
24.0, 0.354542988115428,
25.0, 0.26722392177528703,
26.0, 0.19968241854868568,
27.0, 0.21253362600257095,
28.0, 0.3962194118101932,
29.0, 0.4719189612058131,
30.0, 0.2243105910600331,
31.0, 0.3330260186856198,
32.0, 0.22041616307558634,
33.0, 0.20119759739058757,
34.0, 0.4590451435177312,
35.0, 0.173478498357337,
36.0, 0.3024234581708112,
37.0, 0.6843397765672061,
38.0, 0.31768952291658553,
39.0, 0.30493046022150805,
40.0, 0.5461809957553725,
41.0, 0.286237964421528,
42.0, 0.24908458473569722,
43.0, 0.28648798825429683,
44.0, 0.3785701369198082,
45.0, 0.21041630639940206,
46.0, 0.1172947024264655,
47.0, 0.2512858434436842,
48.0, 0.32295658635325597,
49.0, 0.24805296704387186,
50.0, 0.19947392578873951,
51.0, 0.23256530374617135,
52.0, 0.4263416511639823,
53.0, 0.25236298487969927,
54.0, 0.5495403334444048,
55.0, 0.2802178099236502,
56.0, 0.144157984285173,
57.0, 0.18646015764998836,
58.0, 0.22046223040891463,
59.0, 0.4388120094015916,
60.0, 0.14843863456142914,
61.0, 0.6160661985209012,
62.0, 0.4436918596459878,
63.0, 0.25134738977102045,
64.0, 0.2880407825046388,
65.0, 0.12000495234676893,
66.0, 0.1490515901752344,
67.0, 0.04740663796859371,
68.0, 0.5431690370307507,
69.0, 0.5468837784015814,
70.0, 0.5176253822494189,
71.0, 0.14994985214617934,
72.0, 0.05320480891247317,
73.0, 0.6663239054627623,
74.0, 0.623856697542779,
75.0, 0.11301666891303225,
76.0, 0.2787699959599857,
77.0, 0.23709441237920872,
78.0, 0.5031347561623513,
79.0, 0.4090815040933078,
80.0, 0.5291088538905794,
81.0, 0.07166104928078468,
82.0, 0.3805761034272134,
83.0, 0.15832690728302187,
84.0, 0.32048480573375676,
85.0, 0.3251921904221073,
86.0, 0.47078972737732,
87.0, 0.2571770646449036,
88.0, 0.1912420759251415,
89.0, 0.3075754656142713,
90.0, 0.31307176966687505,
91.0, 0.7031468321973773,
92.0, 0.0525563659028665,
93.0, 0.46048421075313295,
94.0, 0.18567399744543625,
95.0, 0.3539428702752327,
96.0, 0.4418325108714969,
97.0, 0.375414208239986,
98.0, 0.4868326354579529,
99.0, 0.31201954410782784,
100.0, 0.2301476758003243,
101.0, 0.17095203867961778,
102.0, 0.1518455926240343,
103.0, 0.6056657979361101,
104.0, 0.37121727441304625,
105.0, 0.42645006561502713,
106.0, 0.3203857141648733,
107.0, 0.09502001162436456,
108.0, 0.3817078413082865,
109.0, 0.31099019166446074,
110.0, 0.18690179944830218,
111.0, 0.39320106004291133,
112.0, 0.3008145247483209,
113.0, 0.09839091815317552,
114.0, 0.6689217778267057,
115.0, 0.6442732154300563,
116.0, 0.3933016730295141,
117.0, 0.27160026439523965,
118.0, 0.4317353951616781,
119.0, 0.5875482307677599,
120.0, 0.5773037345904908,
121.0, 0.44819008913390657,
122.0, 0.19876825656581548,
123.0, 0.35120646688853874,
124.0, 0.13442842127186014,
125.0, 0.1732376890440455,
126.0, 0.30749633295349027,
127.0, 0.3614489207103821,
128.0, 0.255561890966187,
129.0, 0.19058497475308606,
130.0, 0.3562195771987656,
131.0, 0.47634801271237587,
132.0, 0.2309961325230065,
133.0, 0.3371754454237969,
134.0, 0.22096319878110068,
135.0, 0.22818496614076486,
136.0, 0.35062142066627705,
137.0, 0.19525324216964246,
138.0, 0.4859826408747761,
139.0, 0.2266294231952103,
140.0, 0.6629485918092203,
141.0, 0.32948637324589386,
142.0, 0.08347822783626933,
143.0, 0.17169484777095506,
144.0, 0.2833323809934726,
145.0, 0.7955754746233399,
146.0, 0.1519404221271264,
147.0, 0.29869770697358305,
148.0, 0.3255828822754791,
149.0, 0.638445885146203,
150.0, 0.5117299181955283,
151.0, 0.41031478436960084,
152.0, 0.33315762219162964,
153.0, 0.2894029168722682,
154.0, 0.19383666695281163,
155.0, 0.3029286062999636,
156.0, 0.2101479253345475,
157.0, 0.31261146361343983,
158.0, 0.3674037872720355,
159.0, 0.21936857662423143,
160.0, 0.5603364492238863,
161.0, 0.22379383696531444,
162.0, 0.3148242350283028,
163.0, 0.4582281740876567,
164.0, 0.2887099377340017,
165.0, 0.23446438692198546,
166.0, 0.15103952152556532,
167.0, 0.0470311091652459,
168.0, 0.3515000052053074,
169.0, 0.27946706930262794,
170.0, 0.29205760532222863,
171.0, 0.17730475108242635,
172.0, 0.6335558424198605,
173.0, 0.6623076076510295,
174.0, 0.26017722160759094,
175.0, 0.055572764504282585,
176.0, 0.5258617157485468,
177.0, 0.34639641847471864,
178.0, 0.3239264221099582,
179.0, 0.5557144464246137,
180.0, 0.04932703326861074,
181.0, 0.5335416931840984,
182.0, 0.20411282751602614,
183.0, 0.3214591158449631,
184.0, 0.21164304755078242,
185.0, 0.6398888940276338,
186.0, 0.409380067291199,
187.0, 0.015824110667134073,
188.0, 0.12481813192022255,
189.0, 0.6449669234885929,
190.0, 0.4641480896144694,
191.0, 0.06396597376837053,
192.0, 0.5344318097215033,
193.0, 0.358818112361514,
194.0, 0.36892335157751416,
195.0, 0.1587477730250902,
196.0, 0.23307453931619745,
197.0, 0.1323173330724023,
198.0, 0.03640415297432608,
199.0, 0.4196274374090136,
200.0, 0.4698354320453119,
201.0, 0.10467760863811361,
202.0, 0.49426786013199203,
203.0, 0.16343181342000992,
204.0, 0.4969315712057303,
205.0, 0.15015488094617213,
206.0, 0.07072602930697357,
207.0, 0.2004187113573837,
208.0, 0.18174572070975056,
209.0, 0.4761136279145205,
210.0, 0.05667778911359778,
211.0, 0.29247763951954486,
212.0, 0.2335176496875313,
213.0, 0.10679070541291757,
214.0, 0.16778589785170772,
215.0, 0.5067487959181667,
216.0, 0.11994170095058651,
217.0, 0.10914451065578905,
218.0, 0.421864656811975,
219.0, 0.14873422497520414,
